(GimpCurvesConfig "GK-2A UHRIT enhance 8"
    (time 0)
    (trc non-linear)
    (channel value)
    (curve
        (curve-type smooth)
        (points 6 0 0 0.22629969418960244 0.57342657342657355 1 1)
        (point-types 3 smooth smooth smooth)
        (n-samples 256)
        (samples 256 0 0.012943756799580344 0.025882094375741547 0.03880959350506448 0.051720834964129957 0.064610399529518872 0.07747286797781211 0.090302821085590457 0.10309483962943482 0.11584350438592603 0.12854339613164498 0.1411890956431725 0.15377518369708948 0.16629624106997673 0.1787468485384151 0.19112158687898553 0.20341503686826884 0.21562177928284579 0.22773639489929737 0.23975346449420445 0.2516675688441477 0.26347328872570824 0.2751652049154667 0.28673789819000406 0.29818594932590115 0.30950393909973872 0.320686448288098 0.33172805766755936 0.3426233480147039 0.35336690010611249 0.36395329471836602 0.37437711262804513 0.38463293461173098 0.39471534144600412 0.40461891390744581 0.41433823277263648 0.4238678788181573 0.43320243282058885 0.44233647555651223 0.45126458780250811 0.45998135033515758 0.46848134393104124 0.47675914936674013 0.48480934741883502 0.49262651886390685 0.50020524447853632 0.50754010503930447 0.51462568132279207 0.52145655410558001 0.52802730416424892 0.53433251227538014 0.5403667592155541 0.54612462576135179 0.55160069268935408 0.55678954077614196 0.56168575079829608 0.56628390353239744 0.57057857975502668 0.57342657342657355 0.57733478781236069 0.58121638411710186 0.58507149794421998 0.58890026489713787 0.59270282057927826 0.59647930059406384 0.60022984054491757 0.60395457603526204 0.60765364266852029 0.61132717604811493 0.61497531177746878 0.61859818546000478 0.62219593269914542 0.62576868909831385 0.62931659026093245 0.63283977179042405 0.63633836929021226 0.63981251836371866 0.64326235461436665 0.64668801364557915 0.65008963106077888 0.65346734246338833 0.65682128345683055 0.66015158964452803 0.66345839662990413 0.66674184001638115 0.67000205540738189 0.67323917840632963 0.67645334461664641 0.67964468964175551 0.68281334908507973 0.6859594585500417 0.68908315364006434 0.69218456995857036 0.6952638431089827 0.69832110869472364 0.70135650231921665 0.70437015958588389 0.70736221609814864 0.71033280745943328 0.71328206927316118 0.71621013714275461 0.71911714667163662 0.72200323346322981 0.72486853312095723 0.72771318124824136 0.73053731344850503 0.73334106532517129 0.73612457248166252 0.73888797052140232 0.74163139504781206 0.74435498166431624 0.74705886597433635 0.74974318358129577 0.7524080700886171 0.75505366109972316 0.75768009221803678 0.76028749904698079 0.762876017189978 0.76544578225045068 0.76799692983182266 0.77052959553751554 0.77304391497095326 0.77554002373555764 0.77801805743475194 0.78047815167195889 0.78292044205060141 0.78534506417410199 0.78775215364588369 0.79014184606936921 0.79251427704798094 0.79486958218514248 0.79720789708427597 0.79952935734880448 0.80183409858215082 0.80412225638773771 0.80639396636898786 0.80864936412932409 0.81088858527216923 0.81311176540094598 0.81531904011907752 0.81751054502998588 0.81968641573709478 0.82184678784382603 0.82399179695360325 0.82612157866984881 0.82823626859598565 0.83033600233543625 0.83242091549162411 0.83449114366797106 0.83654682246790057 0.83858808749483549 0.84061507435219784 0.84262791864341158 0.84462675597189829 0.8466117219410817 0.84858295215438406 0.85054058221522832 0.8524847477270372 0.85441558429323372 0.85633322751724039 0.85823781300248003 0.86012947635237569 0.86200835317034996 0.86387457905982579 0.86572828962422543 0.86756962046697239 0.86939870719148915 0.87121568540119843 0.87302069069952304 0.8748138586898857 0.87659532497570947 0.87836522516041693 0.88012369484743092 0.88187086964017447 0.88360688514206964 0.88533187695654014 0.88704598068700813 0.88874933193689654 0.89044206630962841 0.89212431940862624 0.89379622683731275 0.89545792419911108 0.89710954709744373 0.89875123113573374 0.90038311191740372 0.90200532504587638 0.90361800612457466 0.90522129075692148 0.90681531454633912 0.90840021309625096 0.90997612201007949 0.91154317689124742 0.91310151334317768 0.91465126696929322 0.91619257337301663 0.91772556815777073 0.91925038692697825 0.92076716528406188 0.92227603883244469 0.92377714317554949 0.92527061391679866 0.92675658665961524 0.9282351970074223 0.92970658056364219 0.93117087293169787 0.93262820971501226 0.93407872651700785 0.93552255894110758 0.93695984259073439 0.93839071306931077 0.93981530598025986 0.94123375692700417 0.94264620151296663 0.94405277534156995 0.94545361401623684 0.94684885314039036 0.94823862831745309 0.94962307515084787 0.95100232924399752 0.95237652620032476 0.95374580162325229 0.95511029111620305 0.95647013028259997 0.95782545472586555 0.95917640004942284 0.96052310185669443 0.96186569575110314 0.96320431733607181 0.96453910221502326 0.96587018599138008 0.96719770426856533 0.9685217926500016 0.96984258673911183 0.97116022213931874 0.97247483445404503 0.97378655928671376 0.97509553224074752 0.97640188891956892 0.977705764926601 0.97900729586526647 0.98030661733898827 0.98160386495118901 0.9828991743052915 0.98419268100471868 0.98548452065289305 0.98677482885323764 0.98806374120917517 0.98935139332412847 0.99063792080152024 0.99192345924477332 0.99320814425731041 0.99449211144255467 0.99577549640392837 0.99705843474485456 0.99834106206875606 1))
    (channel red)
    (curve
        (curve-type smooth)
        (points 4 0.019877675840978593 0 0.71100917431192667 0.98951048951048948)
        (point-types 2 smooth smooth)
        (n-samples 256)
        (samples 256 0 0 0 0 0 0 0.0056146092325165715 0.011229218465033145 0.016843827697549715 0.022458436930066283 0.028073046162582858 0.033687655395099422 0.039302264627616004 0.044916873860132572 0.05053148309264914 0.056146092325165715 0.06176070155768227 0.067375310790198845 0.072989920022715427 0.078604529255232022 0.084219138487748563 0.089833747720265131 0.095448356952781727 0.10106296618529828 0.10667757541781485 0.11229218465033143 0.117906793882848 0.12352140311536457 0.12913601234788114 0.13475062158039772 0.14036523081291427 0.14597984004543083 0.15159444927794741 0.15720905851046402 0.16282366774298054 0.16843827697549718 0.17405288620801376 0.17966749544053026 0.18528210467304687 0.19089671390556343 0.19651132313808001 0.20212593237059656 0.20774054160311314 0.2133551508356297 0.21896976006814628 0.22458436930066286 0.23019897853317942 0.235813587765696 0.24142819699821255 0.24704280623072908 0.25265741546324566 0.25827202469576221 0.26388663392827882 0.26950124316079543 0.27511585239331199 0.28073046162582854 0.2863450708583451 0.29195968009086171 0.29757428932337826 0.30318889855589481 0.30880350778841142 0.31441811702092803 0.32003272625344459 0.32564733548596114 0.3312619447184777 0.33687655395099431 0.34249116318351092 0.34810577241602747 0.35372038164854402 0.35933499088106052 0.36494960011357713 0.3705642093460938 0.37617881857861024 0.38179342781112685 0.38740803704364346 0.39302264627615996 0.39863725550867657 0.40425186474119312 0.40986647397370979 0.41548108320622623 0.4210956924387429 0.42671030167125951 0.43232491090377601 0.43793952013629245 0.44355412936880911 0.44916873860132578 0.45478334783384217 0.46039795706635889 0.46601256629887544 0.471627175531392 0.47724178476390844 0.48285639399642516 0.48847100322894166 0.49408561246145821 0.49970022169397488 0.50531483092649143 0.51092944015900799 0.51654404939152454 0.52215865862404109 0.52777326785655765 0.53338787708907431 0.53900248632159087 0.54461709555410731 0.55023170478662398 0.55584631401914053 0.56146092325165708 0.56707553248417364 0.57269014171669008 0.57830475094920686 0.5839193601817233 0.58953396941423997 0.59514857864675652 0.60076318787927319 0.60637779711178963 0.61199240634430618 0.61760701557682285 0.62322162480933929 0.62883623404185607 0.63445084327437251 0.64006545250688918 0.64568006173940562 0.65129467097192228 0.65690928020443895 0.66252388943695539 0.66813849866947217 0.6737531079019885 0.67936771713450517 0.68498232636702172 0.69059693559953828 0.69621154483205494 0.70182615406457149 0.70744076329708794 0.71305537252960471 0.71866998176212116 0.72428459099463782 0.72989920022715427 0.73551380945967093 0.74112841869218737 0.74674302792470404 0.75235763715722059 0.75797224638973715 0.76358685562225381 0.76920146485477026 0.7748160740872867 0.78043068331980359 0.78604529255231992 0.79165990178483658 0.79727451101735314 0.8028891202498698 0.80850372948238625 0.81411833871490291 0.81973294794741935 0.82534755717993602 0.83096216641245257 0.83657677564496913 0.84219138487748579 0.84780599411000224 0.85342060334251879 0.85903521257503546 0.86464982180755201 0.87026443104006868 0.87587904027258512 0.88149364950510167 0.88710825873761823 0.89272286797013489 0.89833747720265145 0.903952086435168 0.90956669566768444 0.91518130490020111 0.92079591413271777 0.92641052336523433 0.93202513259775077 0.93763974183026744 0.94325435106278388 0.94886896029530043 0.9544835695278171 0.96009817876033365 0.96571278799285032 0.97132739722536676 0.97694200645788332 0.98255661569039998 0.98951048951048948 0.98951048951048948 0.98951048951048948 0.98951048951048948 0.98951048951048948 0.98951048951048948 0.98951048951048948 0.98951048951048948 0.98951048951048948 0.98951048951048948 0.98951048951048948 0.98951048951048948 0.98951048951048948 0.98951048951048948 0.98951048951048948 0.98951048951048948 0.98951048951048948 0.98951048951048948 0.98951048951048948 0.98951048951048948 0.98951048951048948 0.98951048951048948 0.98951048951048948 0.98951048951048948 0.98951048951048948 0.98951048951048948 0.98951048951048948 0.98951048951048948 0.98951048951048948 0.98951048951048948 0.98951048951048948 0.98951048951048948 0.98951048951048948 0.98951048951048948 0.98951048951048948 0.98951048951048948 0.98951048951048948 0.98951048951048948 0.98951048951048948 0.98951048951048948 0.98951048951048948 0.98951048951048948 0.98951048951048948 0.98951048951048948 0.98951048951048948 0.98951048951048948 0.98951048951048948 0.98951048951048948 0.98951048951048948 0.98951048951048948 0.98951048951048948 0.98951048951048948 0.98951048951048948 0.98951048951048948 0.98951048951048948 0.98951048951048948 0.98951048951048948 0.98951048951048948 0.98951048951048948 0.98951048951048948 0.98951048951048948 0.98951048951048948 0.98951048951048948 0.98951048951048948 0.98951048951048948 0.98951048951048948 0.98951048951048948 0.98951048951048948 0.98951048951048948 0.98951048951048948 0.98951048951048948 0.98951048951048948 0.98951048951048948 0.98951048951048948 0.98951048951048948))
    (channel green)
    (curve
        (curve-type smooth)
        (points 4 0 0 1 1)
        (point-types 2 smooth smooth)
        (n-samples 256)
        (samples 256 0 0.0039215686274509803 0.0078431372549019607 0.011764705882352943 0.015686274509803921 0.019607843137254898 0.023529411764705879 0.027450980392156859 0.031372549019607843 0.035294117647058816 0.039215686274509803 0.043137254901960791 0.047058823529411764 0.050980392156862737 0.054901960784313725 0.058823529411764712 0.062745098039215685 0.066666666666666666 0.07058823529411766 0.07450980392156864 0.078431372549019621 0.082352941176470587 0.086274509803921567 0.090196078431372534 0.094117647058823528 0.098039215686274508 0.10196078431372547 0.10588235294117647 0.10980392156862745 0.11372549019607843 0.11764705882352938 0.1215686274509804 0.12549019607843137 0.12941176470588237 0.13333333333333336 0.13725490196078433 0.14117647058823532 0.14509803921568629 0.14901960784313723 0.15294117647058825 0.15686274509803921 0.16078431372549021 0.1647058823529412 0.16862745098039217 0.17254901960784311 0.17647058823529413 0.18039215686274507 0.18431372549019609 0.18823529411764706 0.19215686274509805 0.19607843137254902 0.20000000000000007 0.20392156862745101 0.20784313725490197 0.21176470588235291 0.21568627450980393 0.21960784313725493 0.22352941176470589 0.22745098039215686 0.23137254901960783 0.23529411764705882 0.23921568627450979 0.24313725490196075 0.24705882352941175 0.25098039215686274 0.25490196078431371 0.25882352941176473 0.26274509803921575 0.26666666666666672 0.27058823529411768 0.27450980392156865 0.27843137254901962 0.28235294117647064 0.2862745098039215 0.29019607843137252 0.29411764705882348 0.29803921568627445 0.30196078431372542 0.30588235294117649 0.30980392156862746 0.31372549019607843 0.31764705882352934 0.32156862745098053 0.32549019607843144 0.3294117647058824 0.33333333333333331 0.33725490196078434 0.3411764705882353 0.34509803921568633 0.34901960784313729 0.35294117647058826 0.35686274509803917 0.36078431372549019 0.3647058823529411 0.36862745098039224 0.37254901960784315 0.37647058823529411 0.38039215686274508 0.3843137254901961 0.38823529411764712 0.39215686274509809 0.39607843137254906 0.39999999999999997 0.40392156862745099 0.40784313725490196 0.41176470588235292 0.41568627450980383 0.41960784313725485 0.42352941176470582 0.42745098039215684 0.43137254901960786 0.43529411764705883 0.4392156862745098 0.44313725490196076 0.44705882352941184 0.45098039215686281 0.45490196078431377 0.45882352941176474 0.46274509803921571 0.46666666666666667 0.47058823529411764 0.47450980392156861 0.47843137254901957 0.48235294117647054 0.48627450980392145 0.49019607843137247 0.49411764705882355 0.49803921568627452 0.50196078431372548 0.50588235294117645 0.50980392156862742 0.51372549019607838 0.51764705882352946 0.52156862745098043 0.52549019607843139 0.52941176470588236 0.53333333333333333 0.53725490196078429 0.54117647058823526 0.54509803921568634 0.5490196078431373 0.55294117647058827 0.55686274509803924 0.5607843137254902 0.56470588235294117 0.56862745098039214 0.5725490196078431 0.57647058823529407 0.58039215686274515 0.58431372549019611 0.58823529411764708 0.59215686274509804 0.59607843137254901 0.59999999999999998 0.60392156862745094 0.60784313725490191 0.61176470588235299 0.61568627450980395 0.61960784313725492 0.62352941176470589 0.62745098039215685 0.63137254901960782 0.63529411764705879 0.63921568627450975 0.64313725490196083 0.6470588235294118 0.65098039215686287 0.65490196078431384 0.65882352941176481 0.66274509803921577 0.66666666666666663 0.6705882352941176 0.67450980392156867 0.67843137254901964 0.68235294117647061 0.68627450980392157 0.69019607843137254 0.69411764705882351 0.69803921568627447 0.70196078431372544 0.70588235294117663 0.70980392156862759 0.71372549019607845 0.71764705882352942 0.72156862745098038 0.72549019607843135 0.7294117647058822 0.73333333333333328 0.73725490196078436 0.74117647058823533 0.74509803921568629 0.74901960784313726 0.75294117647058822 0.75686274509803919 0.76078431372549016 0.76470588235294112 0.76862745098039231 0.77254901960784317 0.77647058823529425 0.78039215686274521 0.78431372549019607 0.78823529411764703 0.79215686274509811 0.79607843137254897 0.80000000000000004 0.80392156862745101 0.80784313725490198 0.81176470588235294 0.81568627450980391 0.81960784313725488 0.82352941176470584 0.82745098039215681 0.83137254901960789 0.83529411764705874 0.83921568627450982 0.84313725490196068 0.84705882352941175 0.85098039215686272 0.8549019607843138 0.85882352941176465 0.86274509803921573 0.8666666666666667 0.87058823529411766 0.87450980392156863 0.8784313725490196 0.88235294117647056 0.88627450980392164 0.8901960784313725 0.89411764705882357 0.89803921568627443 0.90196078431372551 0.90588235294117636 0.90980392156862755 0.91372549019607852 0.91764705882352937 0.92156862745098023 0.92549019607843142 0.92941176470588238 0.93333333333333335 0.93725490196078431 0.94117647058823528 0.94509803921568625 0.94901960784313721 0.95294117647058818 0.95686274509803926 0.96078431372549011 0.96470588235294119 0.96862745098039216 0.97254901960784312 0.97647058823529409 0.98039215686274506 0.98431372549019591 0.98823529411764721 0.99215686274509807 0.99607843137254914 1))
    (channel blue)
    (curve
        (curve-type smooth)
        (points 4 0.0015290519877675839 0 1 1)
        (point-types 2 smooth smooth)
        (n-samples 256)
        (samples 256 0 0.0039275740924241062 0.0078551481848482107 0.011782722277272317 0.015710296369696421 0.019637870462120524 0.023565444554544634 0.027493018646968737 0.031420592739392843 0.035348166831816949 0.039275740924241055 0.043203315016665154 0.047130889109089268 0.051058463201513374 0.054986037293937487 0.058913611386361593 0.062841185478785686 0.066768759571209799 0.070696333663633898 0.074623907756058011 0.078551481848482096 0.08247905594090621 0.086406630033330323 0.090334204125754408 0.094261778218178549 0.098189352310602634 0.10211692640302675 0.10604450049545085 0.10997207458787497 0.11389964868029907 0.11782722277272316 0.12175479686514729 0.12568237095757137 0.12960994504999548 0.1335375191424196 0.13746509323484374 0.1413926673272678 0.14532024141969191 0.14924781551211605 0.15317538960454014 0.15710296369696422 0.16103053778938831 0.16495811188181242 0.16888568597423656 0.17281326006666065 0.17674083415908473 0.18066840825150884 0.18459598234393304 0.18852355643635704 0.19245113052878121 0.19637870462120521 0.20030627871362944 0.20423385280605355 0.20816142689847764 0.21208900099090172 0.21601657508332581 0.21994414917574995 0.22387172326817403 0.22779929736059809 0.2317268714530222 0.23565444554544632 0.23958201963787049 0.24350959373029452 0.24743716782271868 0.25136474191514269 0.25529231600756691 0.25921989009999097 0.26314746419241508 0.26707503828483919 0.27100261237726331 0.27493018646968742 0.27885776056211153 0.28278533465453559 0.28671290874695976 0.29064048283938382 0.29456805693180793 0.29849563102423204 0.30242320511665616 0.30635077920908027 0.31027835330150433 0.31420592739392844 0.31813350148635255 0.32206107557877661 0.32598864967120078 0.32991622376362484 0.33384379785604901 0.33777137194847306 0.34169894604089712 0.34562652013332129 0.3495540942257454 0.35348166831816952 0.35740924241059358 0.36133681650301763 0.36526439059544191 0.36919196468786597 0.37311953878029003 0.37704711287271414 0.38097468696513831 0.38490226105756242 0.38882983514998648 0.39275740924241048 0.39668498333483471 0.40061255742725888 0.40454013151968293 0.40846770561210705 0.41239527970453105 0.41632285379695527 0.42025042788937939 0.42417800198180344 0.4281055760742275 0.43203315016665156 0.43596072425907573 0.4398882983514999 0.44381587244392395 0.44774344653634807 0.45167102062877207 0.45559859472119624 0.45952616881362041 0.46345374290604446 0.46738131699846858 0.47130889109089269 0.47523646518331686 0.47916403927574086 0.48309161336816497 0.48701918746058903 0.49094676155301326 0.49487433564543737 0.49880190973786143 0.50272948383028548 0.50665705792270965 0.51058463201513382 0.51451220610755788 0.51843978019998194 0.52236735429240611 0.52629492838483016 0.53022250247725422 0.53415007656967839 0.53807765066210245 0.54200522475452662 0.54593279884695078 0.54986037293937484 0.5537879470317989 0.55771552112422307 0.56164309521664713 0.56557066930907118 0.56949824340149524 0.57342581749391952 0.57735339158634358 0.58128096567876764 0.5852085397711918 0.58913611386361597 0.59306368795604003 0.59699126204846409 0.60091883614088815 0.6048464102333122 0.60877398432573637 0.61270155841816054 0.6166291325105846 0.62055670660300866 0.62448428069543283 0.62841185478785688 0.63233942888028094 0.63626700297270511 0.64019457706512928 0.64412215115755334 0.6480497252499775 0.65197729934240156 0.65590487343482562 0.65983244752724968 0.66376002161967373 0.66768759571209801 0.67161516980452207 0.67554274389694635 0.6794703179893703 0.68339789208179447 0.68732546617421852 0.69125304026664258 0.69518061435906664 0.69910818845149092 0.70303576254391498 0.70696333663633903 0.71089091072876309 0.71481848482118726 0.71874605891361132 0.72267363300603538 0.72660120709845955 0.73052878119088371 0.73445635528330788 0.73838392937573194 0.742311503468156 0.74623907756058006 0.75016665165300422 0.75409422574542839 0.75802179983785245 0.76194937393027651 0.76587694802270068 0.76980452211512473 0.77373209620754879 0.77765967029997296 0.78158724439239702 0.78551481848482108 0.78944239257724536 0.79336996666966941 0.79729754076209347 0.80122511485451764 0.8051526889469417 0.80908026303936564 0.81300783713178981 0.81693541122421398 0.82086298531663804 0.82479055940906221 0.82871813350148638 0.83264570759391043 0.83657328168633449 0.84050085577875866 0.84442842987118272 0.84835600396360678 0.85228357805603094 0.85621115214845511 0.86013872624087917 0.86406630033330334 0.8679938744257274 0.87192144851815145 0.87584902261057551 0.87977659670299968 0.88370417079542385 0.8876317448878478 0.89155931898027208 0.89548689307269613 0.89941446716512019 0.90334204125754425 0.90726961534996842 0.91119718944239247 0.91512476353481664 0.91905233762724081 0.92297991171966487 0.92690748581208893 0.9308350599045131 0.93476263399693715 0.93869020808936121 0.94261778218178538 0.94654535627420955 0.95047293036663372 0.95440050445905766 0.95832807855148172 0.96225565264390589 0.96618322673632995 0.97011080082875412 0.97403837492117806 0.97796594901360234 0.98189352310602662 0.98582109719845057 0.98974867129087463 0.9936762453832988 0.99760381947572274 1))
    (channel alpha)
    (curve
        (curve-type smooth)
        (points 4 0 0 1 1)
        (point-types 2 smooth smooth)
        (n-samples 256)
        (samples 256 0 0.0039215686274509803 0.0078431372549019607 0.011764705882352943 0.015686274509803921 0.019607843137254898 0.023529411764705879 0.027450980392156859 0.031372549019607843 0.035294117647058816 0.039215686274509803 0.043137254901960791 0.047058823529411764 0.050980392156862737 0.054901960784313725 0.058823529411764712 0.062745098039215685 0.066666666666666666 0.07058823529411766 0.07450980392156864 0.078431372549019621 0.082352941176470587 0.086274509803921567 0.090196078431372534 0.094117647058823528 0.098039215686274508 0.10196078431372547 0.10588235294117647 0.10980392156862745 0.11372549019607843 0.11764705882352938 0.1215686274509804 0.12549019607843137 0.12941176470588237 0.13333333333333336 0.13725490196078433 0.14117647058823532 0.14509803921568629 0.14901960784313723 0.15294117647058825 0.15686274509803921 0.16078431372549021 0.1647058823529412 0.16862745098039217 0.17254901960784311 0.17647058823529413 0.18039215686274507 0.18431372549019609 0.18823529411764706 0.19215686274509805 0.19607843137254902 0.20000000000000007 0.20392156862745101 0.20784313725490197 0.21176470588235291 0.21568627450980393 0.21960784313725493 0.22352941176470589 0.22745098039215686 0.23137254901960783 0.23529411764705882 0.23921568627450979 0.24313725490196075 0.24705882352941175 0.25098039215686274 0.25490196078431371 0.25882352941176473 0.26274509803921575 0.26666666666666672 0.27058823529411768 0.27450980392156865 0.27843137254901962 0.28235294117647064 0.2862745098039215 0.29019607843137252 0.29411764705882348 0.29803921568627445 0.30196078431372542 0.30588235294117649 0.30980392156862746 0.31372549019607843 0.31764705882352934 0.32156862745098053 0.32549019607843144 0.3294117647058824 0.33333333333333331 0.33725490196078434 0.3411764705882353 0.34509803921568633 0.34901960784313729 0.35294117647058826 0.35686274509803917 0.36078431372549019 0.3647058823529411 0.36862745098039224 0.37254901960784315 0.37647058823529411 0.38039215686274508 0.3843137254901961 0.38823529411764712 0.39215686274509809 0.39607843137254906 0.39999999999999997 0.40392156862745099 0.40784313725490196 0.41176470588235292 0.41568627450980383 0.41960784313725485 0.42352941176470582 0.42745098039215684 0.43137254901960786 0.43529411764705883 0.4392156862745098 0.44313725490196076 0.44705882352941184 0.45098039215686281 0.45490196078431377 0.45882352941176474 0.46274509803921571 0.46666666666666667 0.47058823529411764 0.47450980392156861 0.47843137254901957 0.48235294117647054 0.48627450980392145 0.49019607843137247 0.49411764705882355 0.49803921568627452 0.50196078431372548 0.50588235294117645 0.50980392156862742 0.51372549019607838 0.51764705882352946 0.52156862745098043 0.52549019607843139 0.52941176470588236 0.53333333333333333 0.53725490196078429 0.54117647058823526 0.54509803921568634 0.5490196078431373 0.55294117647058827 0.55686274509803924 0.5607843137254902 0.56470588235294117 0.56862745098039214 0.5725490196078431 0.57647058823529407 0.58039215686274515 0.58431372549019611 0.58823529411764708 0.59215686274509804 0.59607843137254901 0.59999999999999998 0.60392156862745094 0.60784313725490191 0.61176470588235299 0.61568627450980395 0.61960784313725492 0.62352941176470589 0.62745098039215685 0.63137254901960782 0.63529411764705879 0.63921568627450975 0.64313725490196083 0.6470588235294118 0.65098039215686287 0.65490196078431384 0.65882352941176481 0.66274509803921577 0.66666666666666663 0.6705882352941176 0.67450980392156867 0.67843137254901964 0.68235294117647061 0.68627450980392157 0.69019607843137254 0.69411764705882351 0.69803921568627447 0.70196078431372544 0.70588235294117663 0.70980392156862759 0.71372549019607845 0.71764705882352942 0.72156862745098038 0.72549019607843135 0.7294117647058822 0.73333333333333328 0.73725490196078436 0.74117647058823533 0.74509803921568629 0.74901960784313726 0.75294117647058822 0.75686274509803919 0.76078431372549016 0.76470588235294112 0.76862745098039231 0.77254901960784317 0.77647058823529425 0.78039215686274521 0.78431372549019607 0.78823529411764703 0.79215686274509811 0.79607843137254897 0.80000000000000004 0.80392156862745101 0.80784313725490198 0.81176470588235294 0.81568627450980391 0.81960784313725488 0.82352941176470584 0.82745098039215681 0.83137254901960789 0.83529411764705874 0.83921568627450982 0.84313725490196068 0.84705882352941175 0.85098039215686272 0.8549019607843138 0.85882352941176465 0.86274509803921573 0.8666666666666667 0.87058823529411766 0.87450980392156863 0.8784313725490196 0.88235294117647056 0.88627450980392164 0.8901960784313725 0.89411764705882357 0.89803921568627443 0.90196078431372551 0.90588235294117636 0.90980392156862755 0.91372549019607852 0.91764705882352937 0.92156862745098023 0.92549019607843142 0.92941176470588238 0.93333333333333335 0.93725490196078431 0.94117647058823528 0.94509803921568625 0.94901960784313721 0.95294117647058818 0.95686274509803926 0.96078431372549011 0.96470588235294119 0.96862745098039216 0.97254901960784312 0.97647058823529409 0.98039215686274506 0.98431372549019591 0.98823529411764721 0.99215686274509807 0.99607843137254914 1)))
(GimpCurvesConfig "GK-2A UHRIT enhanced 7"
    (time 0)
    (trc non-linear)
    (channel value)
    (curve
        (curve-type smooth)
        (points 6 0 0 0.23873873873873877 0.64611872146118721 1 1)
        (point-types 3 smooth smooth smooth)
        (n-samples 256)
        (samples 256 0 0.013958219253871083 0.027911021846029567 0.041852991114762858 0.055778710398358342 0.069682763035103457 0.083559732363285538 0.097404201721192046 0.11121075444711037 0.1249739738793279 0.13868844335613204 0.15234874621581024 0.16594946579664976 0.17948518543693814 0.19295048847496279 0.206339958249011 0.21964817809737022 0.23286973135832789 0.24599920137017139 0.25903117147118815 0.27196022499966543 0.28478094529389086 0.29748791569215166 0.31007571953273522 0.32253894015392909 0.33487216089402061 0.34706996509129706 0.35912693608404611 0.37103765721055487 0.3827967118091109 0.39439868321800159 0.40583815477551427 0.41710970981993645 0.42820793168955545 0.43912740372265863 0.44986270925753352 0.46040843163246759 0.47075915418574793 0.48090946025566217 0.49085393318049764 0.50058715629854178 0.51010371294808199 0.51939818646740565 0.52846516019480005 0.53729921746855291 0.54589494162695129 0.5542469160082828 0.56234972395083482 0.57019794879289454 0.57778617387274966 0.58510898252868748 0.59216095809899527 0.59893668392196031 0.60543074333587055 0.61163771967901304 0.61755219628967506 0.62316875650614423 0.62848198366670793 0.63348646110965356 0.63817677217326807 0.64254750019583973 0.64611872146118721 0.65002410195655158 0.65389721756793129 0.6577382353656096 0.6615473224198698 0.66532464580099426 0.66907037257926627 0.67278466982496887 0.67646770460838535 0.68011964399979841 0.68374065506949111 0.68733090488774706 0.69089056052484854 0.69441978905107893 0.69791875753672106 0.70138763305205809 0.7048265826673733 0.70823577345294941 0.71161537247906959 0.71496554681601687 0.71828646353407433 0.72157828970352467 0.72484119239465128 0.72807533867773699 0.73128089562306509 0.73445803030091872 0.73760690978158039 0.74072770113533348 0.74382057143246072 0.74688568774324549 0.74992321713797072 0.75293332668691959 0.75591618346037481 0.75887195452862 0.76180080696193742 0.76470290783061035 0.76757842420492206 0.7704275231551555 0.77325037175159361 0.77604713706452 0.77881798616421649 0.78156308612096725 0.78428260400505467 0.78697670688676202 0.78964556183637236 0.79228933592416861 0.79490819622043418 0.79750230979545145 0.80007184371950402 0.8026169650628745 0.80513784089584639 0.80763463828870241 0.81010752431172572 0.81255666603519905 0.81498223052940566 0.81738438486462872 0.81976329611115129 0.82211913133925596 0.82445205761922624 0.82676224202134518 0.82904985161589517 0.83131505347316015 0.8335580146634225 0.83577890225696561 0.8379778833240723 0.84015512493502564 0.84231079416010879 0.84444505806960468 0.84655808373379626 0.84865003822296659 0.85072108860739903 0.85277140195737611 0.85480114534318097 0.85681048583509722 0.85879959050340748 0.86076862641839458 0.86271776065034156 0.86464716026953203 0.86655699234624839 0.86844742395077412 0.87031862215339206 0.87217075402438526 0.87400398663403644 0.8758184870526291 0.87761442235044607 0.8793919595977705 0.88115126586488524 0.88289250822207355 0.88461585373961826 0.88632146948780277 0.88800952253690957 0.88968017995722215 0.89133360881902335 0.89296997619259588 0.89458944914822369 0.89619219475618883 0.89777838008677491 0.89934817221026475 0.90090173819694119 0.90243924511708762 0.90396086004098708 0.90546675003892263 0.90695708218117699 0.90843202353803343 0.90989174117977478 0.91133640217668432 0.91276617359904499 0.91418122251713996 0.91558171600125182 0.91696782112166408 0.91833970494865969 0.91969753455252157 0.92104147700353267 0.92237169937197627 0.92368836872813498 0.92499165214229251 0.92628171668473136 0.92755872942573481 0.92882285743558579 0.93007426778456703 0.93131312754296236 0.93253960378105405 0.93375386356912549 0.93495607397745961 0.93614640207633959 0.93732501493604836 0.93849207962686898 0.93964776321908428 0.94079223278297763 0.94192565538883188 0.94304819810693008 0.94416002800755527 0.94526131216099052 0.94635221763751887 0.94743291150742337 0.94850356084098686 0.94956433270849261 0.95061539418022367 0.95165691232646288 0.95268905421749339 0.95371198692359826 0.95472587751506044 0.95573089306216286 0.95672720063518901 0.95771496730442141 0.95869436014014342 0.959665546212638 0.96062869259218808 0.96158396634907661 0.96253153455358698 0.96347156427600189 0.96440422258660452 0.96532967655567803 0.96624809325350514 0.96715963975036923 0.96806448311655313 0.96896279042233979 0.96985472873801259 0.97074046513385404 0.97162016668014772 0.97249400044717627 0.97336213350522294 0.97422473292457079 0.97508196577550255 0.97593399912830159 0.97678100005325086 0.97762313562063352 0.97846057290073229 0.97929347896383023 0.98012202088021061 0.98094636572015637 0.98176668055395067 0.98258313245187612 0.98339588848421622 0.98420511572125402 0.98501098123327213 0.98581365209055383 0.98661329536338216 0.98741007812204029 0.98820416743681105 0.9889957303779775 0.98978493401582268 0.99057194542062965 0.99135693166268135 0.99214005981226105 0.99292149693965182 0.99370141011513635 0.99447996640899783 0.9952573328915193 0.99603367663298392 0.99680916470367442 0.99758396417387429 0.99835824211386615 0.99913216559393325 1))
    (channel red)
    (curve
        (curve-type smooth)
        (points 4 0.028528528528528527 0 0.63363363363363356 1)
        (point-types 2 smooth smooth)
        (n-samples 256)
        (samples 256 0 0 0 0 0 0 0 0 0.0064808057217924393 0.01296161144358488 0.01944241716537732 0.025923222887169757 0.032404028608962195 0.038884834330754646 0.045365640052547077 0.051846445774339514 0.058327251496131959 0.064808057217924389 0.071288862939716854 0.077769668661509278 0.084250474383301729 0.090731280105094167 0.097212085826886604 0.10369289154867903 0.11017369727047149 0.11665450299226393 0.12313530871405634 0.12961611443584878 0.13609692015764122 0.14257772587943371 0.14905853160122612 0.15553933732301856 0.16202014304481102 0.16850094876660346 0.17498175448839584 0.18146256021018833 0.18794336593198077 0.19442417165377321 0.20090497737556565 0.20738578309735808 0.21386658881915052 0.22034739454094296 0.22682820026273537 0.23330900598452783 0.23978981170632024 0.24627061742811271 0.25275142314990512 0.25923222887169756 0.26571303459348999 0.27219384031528243 0.27867464603707492 0.28515545175886736 0.2916362574806598 0.29811706320245224 0.30459786892424467 0.31107867464603711 0.31755948036782955 0.32404028608962199 0.33052109181141442 0.33700189753320686 0.34348270325499924 0.34996350897679174 0.35644431469858417 0.36292512042037661 0.36940592614216899 0.37588673186396149 0.38236753758575392 0.38884834330754636 0.3953291490293388 0.40180995475113124 0.40829076047292368 0.41477156619471617 0.42125237191650855 0.42773317763830099 0.43421398336009343 0.44069478908188586 0.4471755948036783 0.45365640052547074 0.46013720624726318 0.46661801196905561 0.47309881769084805 0.47957962341264049 0.48606042913443293 0.49254123485622531 0.4990220405780178 0.50550284629981024 0.51198365202160268 0.51846445774339511 0.52494526346518755 0.53142606918697999 0.53790687490877243 0.54438768063056486 0.5508684863523573 0.55734929207414985 0.56383009779594229 0.57031090351773472 0.57679170923952716 0.5832725149613196 0.58975332068311204 0.59623412640490447 0.60271493212669691 0.60919573784848935 0.61567654357028179 0.62215734929207422 0.62863815501386666 0.6351189607356591 0.64159976645745154 0.64808057217924397 0.65456137790103641 0.66104218362282885 0.66752298934462129 0.67400379506641372 0.68048460078820616 0.6869654065099986 0.69344621223179104 0.69992701795358336 0.70640782367537591 0.71288862939716813 0.71936943511896079 0.72585024084075322 0.73233104656254566 0.7388118522843381 0.74529265800613054 0.75177346372792297 0.75825426944971541 0.76473507517150785 0.77121588089330029 0.77769668661509272 0.78417749233688516 0.7906582980586776 0.79713910378047015 0.80361990950226247 0.81010071522405491 0.81658152094584735 0.82306232666763979 0.82954313238943223 0.83602393811122477 0.8425047438330171 0.84898554955480954 0.85546635527660198 0.86194716099839441 0.86842796672018696 0.8749087724419794 0.88138957816377184 0.88787038388556438 0.8943511896073566 0.90083199532914915 0.90731280105094159 0.91379360677273413 0.92027441249452635 0.92675521821631879 0.93323602393811134 0.93971682965990377 0.94619763538169621 0.95267844110348854 0.95915924682528098 0.96564005254707352 0.97212085826886585 0.97860166399065829 0.98508246971245073 0.99156327543424316 0.9980440811560356 1 1 1 1 1 1 1 1 1 1 1 1 1 1 1 1 1 1 1 1 1 1 1 1 1 1 1 1 1 1 1 1 1 1 1 1 1 1 1 1 1 1 1 1 1 1 1 1 1 1 1 1 1 1 1 1 1 1 1 1 1 1 1 1 1 1 1 1 1 1 1 1 1 1 1 1 1 1 1 1 1 1 1 1 1 1 1 1 1 1 1 1 1 1))
    (channel green)
    (curve
        (curve-type smooth)
        (points 4 0 0.0091324200913242004 1 1)
        (point-types 2 smooth smooth)
        (n-samples 256)
        (samples 256 0.0091324200913242004 0.013018175306652339 0.016903930521980484 0.020789685737308623 0.024675440952636764 0.028561196167964896 0.032446951383293045 0.036332706598621187 0.040218461813949322 0.044104217029277464 0.047989972244605598 0.051875727459933754 0.055761482675261875 0.05964723789059001 0.063532993105918159 0.067418748321246294 0.071304503536574457 0.075190258751902578 0.079076013967230727 0.082961769182558875 0.086847524397887024 0.090733279613215145 0.09461903482854328 0.098504790043871415 0.10239054525919958 0.10627630047452771 0.11016205568985585 0.114047810905184 0.11793356612051213 0.12181932133584025 0.12570507655116839 0.12959083176649655 0.13347658698182469 0.13736234219715285 0.14124809741248098 0.14513385262780915 0.14901960784313728 0.15290536305846539 0.15679111827379349 0.16067687348912169 0.16456262870444982 0.16844838391977798 0.17233413913510612 0.17621989435043423 0.18010564956576236 0.18399140478109052 0.18787715999641863 0.19176291521174679 0.19564867042707496 0.19953442564240309 0.20342018085773123 0.20730593607305942 0.2111916912883875 0.21507744650371563 0.21896320171904377 0.22284895693437193 0.22673471214970006 0.23062046736502823 0.23450622258035636 0.23839197779568444 0.24227773301101257 0.24616348822634077 0.2500492434416689 0.25393499865699704 0.25782075387232517 0.26170650908765331 0.2655922643029815 0.26947801951830969 0.27336377473363782 0.27724952994896584 0.28113528516429404 0.28502104037962217 0.28890679559495031 0.29279255081027838 0.29667830602560658 0.30056406124093471 0.30444981645626279 0.30833557167159098 0.31222132688691917 0.31610708210224725 0.31999283731757544 0.32387859253290358 0.32776434774823177 0.3316501029635599 0.33553585817888804 0.33942161339421612 0.34330736860954425 0.34719312382487238 0.35107887904020058 0.35496463425552865 0.35885038947085685 0.36273614468618492 0.36662189990151312 0.37050765511684114 0.37439341033216939 0.37827916554749752 0.38216492076282566 0.38605067597815379 0.38993643119348204 0.39382218640881017 0.39770794162413825 0.40159369683946644 0.40547945205479446 0.40936520727012266 0.41325096248545073 0.41713671770077887 0.42102247291610706 0.42490822813143519 0.42879398334676327 0.43267973856209141 0.43656549377741966 0.44045124899274779 0.44433700420807593 0.448222759423404 0.45210851463873225 0.45599426985406033 0.45988002506938852 0.4637657802847166 0.46765153550004479 0.47153729071537287 0.47542304593070112 0.47930880114602914 0.48319455636135722 0.48708031157668541 0.49096606679201349 0.49485182200734157 0.49873757722266987 0.50262333243799806 0.50650908765332614 0.51039484286865422 0.51428059808398241 0.5181663532993106 0.52205210851463879 0.52593786372996687 0.52982361894529495 0.53370937416062314 0.53759512937595122 0.54148088459127941 0.54536663980660749 0.54925239502193568 0.55313815023726387 0.55702390545259206 0.56090966066792014 0.56479541588324822 0.56868117109857641 0.5725669263139046 0.57645268152923257 0.58033843674456076 0.58422419195988895 0.58810994717521714 0.59199570239054522 0.59588145760587341 0.59976721282120149 0.60365296803652957 0.60753872325185776 0.61142447846718584 0.61531023368251414 0.61919598889784222 0.62308174411317041 0.62696749932849849 0.63085325454382657 0.63473900975915476 0.63862476497448295 0.64251052018981092 0.64639627540513933 0.6502820306204673 0.65416778583579549 0.65805354105112368 0.66193929626645187 0.66582505148177984 0.66971080669710803 0.67359656191243611 0.67748231712776441 0.6813680723430926 0.68525382755842057 0.68913958277374876 0.69302533798907695 0.69691109320440492 0.70079684841973311 0.7046826036350613 0.70856835885038949 0.71245411406571768 0.71633986928104576 0.72022562449637384 0.72411137971170203 0.72799713492703022 0.73188289014235819 0.73576864535768638 0.73965440057301457 0.74354015578834276 0.74742591100367084 0.75131166621899903 0.75519742143432711 0.7590831766496553 0.76296893186498349 0.76685468708031157 0.77074044229563987 0.77462619751096784 0.77851195272629603 0.78239770794162422 0.78628346315695219 0.79016921837228038 0.79405497358760857 0.79794072880293665 0.80182648401826495 0.80571223923359292 0.80959799444892111 0.8134837496642493 0.81736950487957749 0.82125526009490546 0.82514101531023365 0.82902677052556184 0.83291252574089003 0.836798280956218 0.84068403617154619 0.84456979138687427 0.84845554660220246 0.85234130181753054 0.85622705703285884 0.86011281224818692 0.86399856746351511 0.8678843226788433 0.87177007789417138 0.87565583310949957 0.87954158832482765 0.88342734354015573 0.88731309875548392 0.891198853970812 0.89508460918614019 0.89897036440146838 0.90285611961679657 0.90674187483212454 0.91062763004745284 0.91451338526278092 0.918399140478109 0.92228489569343708 0.92617065090876538 0.93005640612409346 0.93394216133942165 0.93782791655474984 0.94171367177007792 0.945599426985406 0.94948518220073408 0.95337093741606227 0.95725669263139046 0.96114244784671854 0.96502820306204673 0.96891395827737481 0.972799713492703 0.97668546870803108 0.98057122392335927 0.98445697913868735 0.98834273435401565 0.99222848956934373 0.99611424478467192 1))
    (channel blue)
    (curve
        (curve-type smooth)
        (points 4 0 0.036529680365296802 1 1)
        (point-types 2 smooth smooth)
        (n-samples 256)
        (samples 256 0.036529680365296802 0.040307995344256421 0.044086310323216041 0.047864625302175674 0.051642940281135294 0.0554212552600949 0.059199570239054519 0.062977885218014132 0.066756200196973758 0.070534515175933371 0.074312830154893011 0.078091145133852638 0.081869460112812237 0.085647775091771849 0.089426090070731462 0.093204405049691089 0.096982720028650743 0.10076103500761036 0.10453934998656998 0.10831766496552959 0.11209597994448924 0.11587429492344881 0.11965260990240846 0.12343092488136806 0.12720923986032767 0.13098755483928731 0.13476586981824695 0.13854418479720657 0.14232249977616618 0.14610081475512579 0.1498791297340854 0.15365744471304502 0.15743575969200466 0.1612140746709643 0.16499238964992391 0.16877070462888355 0.17254901960784316 0.17632733458680275 0.18010564956576236 0.183883964544722 0.18766227952368164 0.19144059450264125 0.19521890948160089 0.19899722446056048 0.20277553943952009 0.20655385441847973 0.21033216939743929 0.21411048437639896 0.2178887993553586 0.22166711433431824 0.22544542931327782 0.22922374429223752 0.23300205927119708 0.23678037425015669 0.24055868922911627 0.24433700420807591 0.24811531918703555 0.25189363416599519 0.25567194914495484 0.25945026412391436 0.26322857910287401 0.26700689408183365 0.27078520906079323 0.27456352403975287 0.27834183901871251 0.2821201539976721 0.28589846897663185 0.28967678395559143 0.29345509893455102 0.2972334139135106 0.30101172889247024 0.30479004387142983 0.30856835885038952 0.31234667382934905 0.31612498880830869 0.31990330378726828 0.32368161876622792 0.32745993374518745 0.3312382487241472 0.33501656370310684 0.33879487868206642 0.34257319366102607 0.34635150863998576 0.35012982361894535 0.35390813859790499 0.35768645357686452 0.3614647685558241 0.36524308353478374 0.36902139851374344 0.37279971349270302 0.37657802847166261 0.38035634345062219 0.38413465842958189 0.38791297340854136 0.39169128838750117 0.3954696033664607 0.39924791834542034 0.40302623332437992 0.40680454830333967 0.41058286328229926 0.4143611782612589 0.41813949324021848 0.42191780821917807 0.42569612319813771 0.4294744381770973 0.43325275315605694 0.43703106813501652 0.44080938311397616 0.44458769809293569 0.44836601307189539 0.45214432805085508 0.45592264302981467 0.45970095800877425 0.46347927298773389 0.46725758796669359 0.47103590294565323 0.47481421792461281 0.4785925329035724 0.48237084788253204 0.48614916286149162 0.48992747784045126 0.49370579281941074 0.49748410779837043 0.50126242277733002 0.50504073775628966 0.5088190527352493 0.51259736771420905 0.51637568269316858 0.52015399767212822 0.52393231265108775 0.52771062763004739 0.53148894260900703 0.53526725758796667 0.53904557256692631 0.54282388754588595 0.54660220252484559 0.55038051750380512 0.55415883248276476 0.5579371474617244 0.56171546244068393 0.56549377741964379 0.56927209239860332 0.57305040737756296 0.57682872235652249 0.58060703733548213 0.58438535231444177 0.58816366729340142 0.59194198227236106 0.5957202972513207 0.59949861223028034 0.60327692720923987 0.6070552421881994 0.61083355716715904 0.61461187214611868 0.61839018712507832 0.62216850210403796 0.6259468170829976 0.62972513206195724 0.63350344704091688 0.63728176201987641 0.64106007699883605 0.64483839197779569 0.64861670695675522 0.65239502193571486 0.65617333691467461 0.65995165189363414 0.66372996687259378 0.66750828185155342 0.67128659683051306 0.67506491180947259 0.67884322678843223 0.68262154176739187 0.68639985674635151 0.69017817172531115 0.69395648670427068 0.69773480168323032 0.70151311666218996 0.7052914316411496 0.70906974662010924 0.71284806159906877 0.71662637657802852 0.72040469155698816 0.72418300653594769 0.72796132151490733 0.73173963649386697 0.7355179514728265 0.73929626645178614 0.74307458143074578 0.74685289640970542 0.75063121138866506 0.75440952636762471 0.75818784134658435 0.76196615632554388 0.7657444713045034 0.76952278628346316 0.7733011012624228 0.77707941624138255 0.78085773122034197 0.78463604619930161 0.78841436117826125 0.79219267615722089 0.79597099113618042 0.79974930611514017 0.8035276210940997 0.80730593607305945 0.81108425105201898 0.81486256603097851 0.81864088100993826 0.8224191959888979 0.82619751096785743 0.82997582594681707 0.83375414092577671 0.83753245590473635 0.84131077088369599 0.84508908586265563 0.84886740084161505 0.85264571582057469 0.85642403079953433 0.86020234577849419 0.86398066075745361 0.86775897573641325 0.871537290715373 0.87531560569433253 0.87909392067329217 0.8828722356522517 0.88665055063121134 0.89042886561017109 0.89420718058913051 0.89798549556809026 0.90176381054704979 0.90554212552600954 0.90932044050496907 0.91309875548392883 0.91687707046288835 0.920655385441848 0.92443370042080741 0.92821201539976728 0.93199033037872681 0.93576864535768656 0.9395469603366462 0.94332527531560573 0.94710359029456526 0.9508819052735249 0.95466022025248454 0.95843853523144418 0.96221685021040371 0.96599516518936346 0.96977348016832299 0.97355179514728263 0.97733011012624227 0.98110842510520191 0.98488674008416144 0.98866505506312119 0.99244337004208083 0.99622168502104047 1))
    (channel alpha)
    (curve
        (curve-type smooth)
        (points 4 0 0 1 1)
        (point-types 2 smooth smooth)
        (n-samples 256)
        (samples 256 0 0.0039215686274509803 0.0078431372549019607 0.011764705882352943 0.015686274509803921 0.019607843137254898 0.023529411764705879 0.027450980392156859 0.031372549019607843 0.035294117647058816 0.039215686274509803 0.043137254901960791 0.047058823529411764 0.050980392156862737 0.054901960784313725 0.058823529411764712 0.062745098039215685 0.066666666666666666 0.07058823529411766 0.07450980392156864 0.078431372549019621 0.082352941176470587 0.086274509803921567 0.090196078431372534 0.094117647058823528 0.098039215686274508 0.10196078431372547 0.10588235294117647 0.10980392156862745 0.11372549019607843 0.11764705882352938 0.1215686274509804 0.12549019607843137 0.12941176470588237 0.13333333333333336 0.13725490196078433 0.14117647058823532 0.14509803921568629 0.14901960784313723 0.15294117647058825 0.15686274509803921 0.16078431372549021 0.1647058823529412 0.16862745098039217 0.17254901960784311 0.17647058823529413 0.18039215686274507 0.18431372549019609 0.18823529411764706 0.19215686274509805 0.19607843137254902 0.20000000000000007 0.20392156862745101 0.20784313725490197 0.21176470588235291 0.21568627450980393 0.21960784313725493 0.22352941176470589 0.22745098039215686 0.23137254901960783 0.23529411764705882 0.23921568627450979 0.24313725490196075 0.24705882352941175 0.25098039215686274 0.25490196078431371 0.25882352941176473 0.26274509803921575 0.26666666666666672 0.27058823529411768 0.27450980392156865 0.27843137254901962 0.28235294117647064 0.2862745098039215 0.29019607843137252 0.29411764705882348 0.29803921568627445 0.30196078431372542 0.30588235294117649 0.30980392156862746 0.31372549019607843 0.31764705882352934 0.32156862745098053 0.32549019607843144 0.3294117647058824 0.33333333333333331 0.33725490196078434 0.3411764705882353 0.34509803921568633 0.34901960784313729 0.35294117647058826 0.35686274509803917 0.36078431372549019 0.3647058823529411 0.36862745098039224 0.37254901960784315 0.37647058823529411 0.38039215686274508 0.3843137254901961 0.38823529411764712 0.39215686274509809 0.39607843137254906 0.39999999999999997 0.40392156862745099 0.40784313725490196 0.41176470588235292 0.41568627450980383 0.41960784313725485 0.42352941176470582 0.42745098039215684 0.43137254901960786 0.43529411764705883 0.4392156862745098 0.44313725490196076 0.44705882352941184 0.45098039215686281 0.45490196078431377 0.45882352941176474 0.46274509803921571 0.46666666666666667 0.47058823529411764 0.47450980392156861 0.47843137254901957 0.48235294117647054 0.48627450980392145 0.49019607843137247 0.49411764705882355 0.49803921568627452 0.50196078431372548 0.50588235294117645 0.50980392156862742 0.51372549019607838 0.51764705882352946 0.52156862745098043 0.52549019607843139 0.52941176470588236 0.53333333333333333 0.53725490196078429 0.54117647058823526 0.54509803921568634 0.5490196078431373 0.55294117647058827 0.55686274509803924 0.5607843137254902 0.56470588235294117 0.56862745098039214 0.5725490196078431 0.57647058823529407 0.58039215686274515 0.58431372549019611 0.58823529411764708 0.59215686274509804 0.59607843137254901 0.59999999999999998 0.60392156862745094 0.60784313725490191 0.61176470588235299 0.61568627450980395 0.61960784313725492 0.62352941176470589 0.62745098039215685 0.63137254901960782 0.63529411764705879 0.63921568627450975 0.64313725490196083 0.6470588235294118 0.65098039215686287 0.65490196078431384 0.65882352941176481 0.66274509803921577 0.66666666666666663 0.6705882352941176 0.67450980392156867 0.67843137254901964 0.68235294117647061 0.68627450980392157 0.69019607843137254 0.69411764705882351 0.69803921568627447 0.70196078431372544 0.70588235294117663 0.70980392156862759 0.71372549019607845 0.71764705882352942 0.72156862745098038 0.72549019607843135 0.7294117647058822 0.73333333333333328 0.73725490196078436 0.74117647058823533 0.74509803921568629 0.74901960784313726 0.75294117647058822 0.75686274509803919 0.76078431372549016 0.76470588235294112 0.76862745098039231 0.77254901960784317 0.77647058823529425 0.78039215686274521 0.78431372549019607 0.78823529411764703 0.79215686274509811 0.79607843137254897 0.80000000000000004 0.80392156862745101 0.80784313725490198 0.81176470588235294 0.81568627450980391 0.81960784313725488 0.82352941176470584 0.82745098039215681 0.83137254901960789 0.83529411764705874 0.83921568627450982 0.84313725490196068 0.84705882352941175 0.85098039215686272 0.8549019607843138 0.85882352941176465 0.86274509803921573 0.8666666666666667 0.87058823529411766 0.87450980392156863 0.8784313725490196 0.88235294117647056 0.88627450980392164 0.8901960784313725 0.89411764705882357 0.89803921568627443 0.90196078431372551 0.90588235294117636 0.90980392156862755 0.91372549019607852 0.91764705882352937 0.92156862745098023 0.92549019607843142 0.92941176470588238 0.93333333333333335 0.93725490196078431 0.94117647058823528 0.94509803921568625 0.94901960784313721 0.95294117647058818 0.95686274509803926 0.96078431372549011 0.96470588235294119 0.96862745098039216 0.97254901960784312 0.97647058823529409 0.98039215686274506 0.98431372549019591 0.98823529411764721 0.99215686274509807 0.99607843137254914 1)))
